129	11	10	13
10178	2	1	0	0
10270	2	1	0	1
10569	2	3	0	2
10724	2	1	0	3
10810	2	1	0	4
10847	2	0	1	3
11341	2	2	0	2
11512	2	1	0	4
11526	2	0	1	3
11813	2	1	0	5
11834	2	1	0	6
11910	2	1	0	4
12037	2	1	0	7
12128	2	1	0	2
12130	2	1	0	0
12265	2	1	0	3
12523	2	1	0	3
12895	2	1	0	1
12931	2	1	0	3
13348	2	2	0	6
13538	2	1	0	2
13756	2	1	0	3
13823	2	1	0	3
13863	2	1	0	0
13873	2	1	0	3
14253	2	0	1	3
14292	2	2	0	2
14351	2	1	0	1
14373	2	1	0	4
14481	2	1	0	1
14517	2	1	0	0
14573	2	1	0	5
14589	2	1	0	2
14597	2	1	0	6
14632	2	1	0	0
14638	2	2	0	4
14668	2	1	0	0
14776	2	1	0	3
14913	2	1	0	2
15115	2	1	0	3
15321	2	1	0	0
15367	2	2	0	6
15415	2	1	0	3
15629	2	1	0	3
16303	2	1	0	8
16495	2	3	0	6
16496	2	1	0	1
16669	2	1	0	7
16755	2	1	0	6
16825	2	1	0	8
16876	2	1	0	1
16919	2	1	0	4
17326	2	1	0	2
17956	2	1	0	2
17973	2	1	0	4
18125	2	1	0	2
18132	2	2	0	1
18185	2	3	0	3
18289	2	2	0	7
18382	2	0	2	0
18390	2	1	0	1
18398	2	1	0	0
18439	2	1	0	2
18515	2	3	1	8
18621	2	1	0	0
18641	2	0	1	3
18675	2	2	0	8
18951	2	1	0	5
19069	2	1	0	3
19126	2	1	0	3
19228	2	2	0	9
19396	2	2	0	7
19409	2	0	1	7
19451	2	0	1	7
19568	2	1	0	1
19737	2	1	0	7
19895	2	0	1	3
19922	2	1	0	5
19945	2	1	0	3
19970	2	0	1	6
20031	2	1	0	0
20204	2	1	0	7
20247	2	0	1	3
20345	2	2	0	8
20346	2	1	0	5
20373	2	0	1	3
20435	2	1	0	3
20453	2	1	0	9
20542	2	1	0	3
20593	2	1	0	4
20608	2	0	1	5
20636	2	1	0	3
20649	2	1	0	1
20698	2	4	0	3
20719	2	2	0	9
20757	2	1	0	6
20759	2	1	0	1
20760	2	2	0	4
20775	2	1	0	5
20787	2	0	2	0
20819	2	1	0	0
20822	2	0	5	3
20835	2	1	0	0
20849	2	1	0	1
20866	2	0	5	3
20875	2	1	0	8
20880	2	2	0	7
20918	2	1	0	1
20919	2	0	2	3
20929	2	1	0	1
20963	2	2	0	3
20968	2	0	2	7
21000	2	5	0	5
21012	2	0	3	7
21036	2	1	0	4
21063	2	0	1	3
21066	2	1	0	5
21074	2	1	0	4
21086	2	0	1	3
21109	2	1	0	3
21114	2	4	0	1
21115	2	0	5	8
21119	2	2	0	5
21123	2	0	2	3
21128	2	0	2	5
21150	2	2	0	3
21184	2	1	0	0
21210	2	1	0	3
44	1	8
92	1	8
95	1	7
276	1	8
80	1	8
31	1	8
97	2	4
379	2	6
137	1	8
569	2	6
190	1	8
3	7	11	11	9	12	9	4	12	13
6	3	16	5	13	16	5	8	9	9
10	16	3	21	13	12	18	8	19	20
10	5	19	3	18	21	10	13	13	14
9	13	12	18	3	6	14	7	11	12
12	16	12	21	7	3	18	10	14	15
10	4	18	8	14	17	3	10	6	6
5	11	11	15	6	9	12	3	11	12
12	9	19	13	11	14	6	11	3	2
14	10	20	15	12	13	9	12	4	3
1	0	0	0	0	
2	0	0	0	0	
1	1	1	0	0	
0	0	0	0	1	
1	0	0	0	1	
1	1	1	0	1	
1	1	1	1	1	
0	0	0	0	2	
2	0	0	0	2	
1	1	1	0	2	
0	0	0	2	2	
2	0	0	2	2	
2	2	2	2	2