61	5	8	13
12523	2	1	0	3
20787	2	0	2	0
20919	2	0	2	3
21066	2	1	0	5
20649	2	1	0	1
20435	2	1	0	3
21063	2	0	1	3
20819	2	1	0	0
20963	2	2	0	3
20760	2	2	0	4
20346	2	1	0	5
21150	2	2	0	3
21114	2	4	0	1
20775	2	1	0	5
14589	2	1	0	2
18621	2	1	0	0
14913	2	1	0	2
20542	2	1	0	3
16496	2	1	0	1
18390	2	1	0	1
21012	2	0	3	7
14638	2	2	0	4
18641	2	0	1	3
20698	2	4	0	3
14776	2	1	0	3
12130	2	1	0	0
20835	2	1	0	0
10847	2	0	1	3
12931	2	1	0	3
15629	2	1	0	3
18382	2	0	2	0
13756	2	1	0	3
13873	2	1	0	3
21109	2	1	0	3
11512	2	1	0	4
18951	2	1	0	5
19922	2	1	0	5
19945	2	1	0	3
16495	2	3	0	6
19970	2	0	1	6
14573	2	1	0	5
16919	2	1	0	4
12037	2	1	0	7
19568	2	1	0	1
20031	2	1	0	0
15415	2	1	0	3
13863	2	1	0	0
19409	2	0	1	7
10724	2	1	0	3
16755	2	1	0	6
11341	2	2	0	2
16669	2	1	0	7
20968	2	0	2	7
19895	2	0	1	3
15321	2	1	0	0
10178	2	1	0	0
20593	2	1	0	4
14632	2	1	0	0
20929	2	1	0	1
20247	2	0	1	3
44	1	8
92	1	8
276	1	8
80	1	8
379	2	6
3	7	11	11	9	12	9	4	
6	3	16	5	13	16	5	8	
10	16	3	21	13	12	18	8	
10	5	19	3	18	21	10	13	
9	13	12	18	3	6	14	7	
12	16	12	21	7	3	18	10	
10	4	18	8	14	17	3	10	
5	11	11	15	6	9	12	3	
1	0	0	0	0	
2	0	0	0	0	
1	1	1	0	0	
0	0	0	0	1	
1	0	0	0	1	
1	1	1	0	1	
1	1	1	1	1	
0	0	0	0	2	
2	0	0	0	2	
1	1	1	0	2	
0	0	0	2	2	
2	0	0	2	2	
2	2	2	2	2	
