41	4	8	13
18439	2	1	0	2
20968	2	0	2	7
13538	2	1	0	2
10270	2	1	0	1
19396	2	2	0	7
14632	2	1	0	0
20849	2	1	0	1
14668	2	1	0	0
13873	2	1	0	3
20819	2	1	0	0
14481	2	1	0	1
20435	2	1	0	3
20247	2	0	1	3
21119	2	2	0	5
16755	2	1	0	6
12931	2	1	0	3
10569	2	3	0	2
13756	2	1	0	3
19451	2	0	1	7
16496	2	1	0	1
14253	2	0	1	3
20787	2	0	2	0
21086	2	0	1	3
21000	2	5	0	5
20918	2	1	0	1
20822	2	0	5	3
21123	2	0	2	3
20835	2	1	0	0
21109	2	1	0	3
21036	2	1	0	4
19922	2	1	0	5
10810	2	1	0	4
12128	2	1	0	2
20775	2	1	0	5
17956	2	1	0	2
18621	2	1	0	0
18125	2	1	0	2
20866	2	0	5	3
18390	2	1	0	1
20649	2	1	0	1
44	1	8
92	1	8
276	1	8
379	2	6
3	7	11	11	9	12	9	4	
6	3	16	5	13	16	5	8	
10	16	3	21	13	12	18	8	
10	5	19	3	18	21	10	13	
9	13	12	18	3	6	14	7	
12	16	12	21	7	3	18	10	
10	4	18	8	14	17	3	10	
5	11	11	15	6	9	12	3	
1	0	0	0	0	
2	0	0	0	0	
1	1	1	0	0	
0	0	0	0	1	
1	0	0	0	1	
1	1	1	0	1	
1	1	1	1	1	
0	0	0	0	2	
2	0	0	0	2	
1	1	1	0	2	
0	0	0	2	2	
2	0	0	2	2	
2	2	2	2	2	
