61	5	8	13
21000	2	5	0	5
20787	2	0	2	0
13538	2	1	0	2
21036	2	1	0	4
20880	2	2	0	7
20819	2	1	0	0
11813	2	1	0	5
14632	2	1	0	0
11910	2	1	0	4
11834	2	1	0	6
18621	2	1	0	0
12523	2	1	0	3
18132	2	2	0	1
17326	2	1	0	2
16669	2	1	0	7
21184	2	1	0	0
11512	2	1	0	4
20204	2	1	0	7
19126	2	1	0	3
15115	2	1	0	3
17956	2	1	0	2
20031	2	1	0	0
14351	2	1	0	1
16495	2	3	0	6
21109	2	1	0	3
20968	2	0	2	7
10270	2	1	0	1
21150	2	2	0	3
20822	2	0	5	3
19895	2	0	1	3
19409	2	0	1	7
14373	2	1	0	4
20608	2	0	1	5
19737	2	1	0	7
14573	2	1	0	5
10724	2	1	0	3
18641	2	0	1	3
20542	2	1	0	3
12128	2	1	0	2
21012	2	0	3	7
21074	2	1	0	4
14517	2	1	0	0
13823	2	1	0	3
20757	2	1	0	6
20373	2	0	1	3
19568	2	1	0	1
20760	2	2	0	4
12895	2	1	0	1
13348	2	2	0	6
18398	2	1	0	0
15367	2	2	0	6
14668	2	1	0	0
14253	2	0	1	3
10810	2	1	0	4
19945	2	1	0	3
16496	2	1	0	1
14292	2	2	0	2
14589	2	1	0	2
18289	2	2	0	7
20919	2	0	2	3
44	1	8
92	1	8
276	1	8
80	1	8
379	2	6
3	7	11	11	9	12	9	4	
6	3	16	5	13	16	5	8	
10	16	3	21	13	12	18	8	
10	5	19	3	18	21	10	13	
9	13	12	18	3	6	14	7	
12	16	12	21	7	3	18	10	
10	4	18	8	14	17	3	10	
5	11	11	15	6	9	12	3	
1	0	0	0	0	
2	0	0	0	0	
1	1	1	0	0	
0	0	0	0	1	
1	0	0	0	1	
1	1	1	0	1	
1	1	1	1	1	
0	0	0	0	2	
2	0	0	0	2	
1	1	1	0	2	
0	0	0	2	2	
2	0	0	2	2	
2	2	2	2	2	
