41	4	8	13
21012	2	0	3	7
11910	2	1	0	4
18641	2	0	1	3
20698	2	4	0	3
14253	2	0	1	3
13863	2	1	0	0
20835	2	1	0	0
18439	2	1	0	2
11526	2	0	1	3
15115	2	1	0	3
18621	2	1	0	0
12523	2	1	0	3
13756	2	1	0	3
20919	2	0	2	3
21123	2	0	2	3
21074	2	1	0	4
14573	2	1	0	5
19945	2	1	0	3
11834	2	1	0	6
15367	2	2	0	6
11813	2	1	0	5
14373	2	1	0	4
16755	2	1	0	6
18390	2	1	0	1
20787	2	0	2	0
15415	2	1	0	3
12130	2	1	0	0
19396	2	2	0	7
10724	2	1	0	3
16495	2	3	0	6
21114	2	4	0	1
20757	2	1	0	6
20968	2	0	2	7
19895	2	0	1	3
18398	2	1	0	0
10178	2	1	0	0
16919	2	1	0	4
14668	2	1	0	0
20849	2	1	0	1
19126	2	1	0	3
44	1	8
92	1	8
276	1	8
379	2	6
3	7	11	11	9	12	9	4	
6	3	16	5	13	16	5	8	
10	16	3	21	13	12	18	8	
10	5	19	3	18	21	10	13	
9	13	12	18	3	6	14	7	
12	16	12	21	7	3	18	10	
10	4	18	8	14	17	3	10	
5	11	11	15	6	9	12	3	
1	0	0	0	0	
2	0	0	0	0	
1	1	1	0	0	
0	0	0	0	1	
1	0	0	0	1	
1	1	1	0	1	
1	1	1	1	1	
0	0	0	0	2	
2	0	0	0	2	
1	1	1	0	2	
0	0	0	2	2	
2	0	0	2	2	
2	2	2	2	2	
