61	5	8	13
18382	2	0	2	0
13756	2	1	0	3
19396	2	2	0	7
16669	2	1	0	7
21000	2	5	0	5
13348	2	2	0	6
20031	2	1	0	0
21119	2	2	0	5
18390	2	1	0	1
20435	2	1	0	3
19945	2	1	0	3
16495	2	3	0	6
20918	2	1	0	1
20373	2	0	1	3
20760	2	2	0	4
20968	2	0	2	7
21210	2	1	0	3
21109	2	1	0	3
15367	2	2	0	6
13823	2	1	0	3
20866	2	0	5	3
14573	2	1	0	5
18125	2	1	0	2
14668	2	1	0	0
20247	2	0	1	3
20759	2	1	0	1
14632	2	1	0	0
14253	2	0	1	3
16919	2	1	0	4
20775	2	1	0	5
21184	2	1	0	0
11512	2	1	0	4
14481	2	1	0	1
20636	2	1	0	3
20880	2	2	0	7
21150	2	2	0	3
15115	2	1	0	3
20204	2	1	0	7
10569	2	3	0	2
18439	2	1	0	2
14913	2	1	0	2
19737	2	1	0	7
11341	2	2	0	2
20835	2	1	0	0
18289	2	2	0	7
13863	2	1	0	0
20649	2	1	0	1
14517	2	1	0	0
12523	2	1	0	3
20819	2	1	0	0
16496	2	1	0	1
19895	2	0	1	3
19069	2	1	0	3
20608	2	0	1	5
14597	2	1	0	6
11526	2	0	1	3
21114	2	4	0	1
12265	2	1	0	3
19409	2	0	1	7
14351	2	1	0	1
44	1	8
92	1	8
276	1	8
80	1	8
379	2	6
3	7	11	11	9	12	9	4	
6	3	16	5	13	16	5	8	
10	16	3	21	13	12	18	8	
10	5	19	3	18	21	10	13	
9	13	12	18	3	6	14	7	
12	16	12	21	7	3	18	10	
10	4	18	8	14	17	3	10	
5	11	11	15	6	9	12	3	
1	0	0	0	0	
2	0	0	0	0	
1	1	1	0	0	
0	0	0	0	1	
1	0	0	0	1	
1	1	1	0	1	
1	1	1	1	1	
0	0	0	0	2	
2	0	0	0	2	
1	1	1	0	2	
0	0	0	2	2	
2	0	0	2	2	
2	2	2	2	2	
