51	5	8	17
14986	2	2	0	0
14481	2	0	1	1
11262	2	1	0	1
22380	2	0	2	3
15519	2	0	1	5
21669	2	1	0	0
18640	2	1	0	0
21300	2	1	0	0
21777	2	0	3	6
15402	2	1	0	0
21852	2	2	0	0
13943	2	1	0	0
20918	2	3	0	1
22133	2	2	0	3
18185	2	2	0	0
18132	2	5	0	1
22184	2	2	0	1
14234	2	1	0	0
22080	2	3	0	1
21892	2	1	0	2
20031	2	1	0	3
12686	2	1	0	2
19069	2	1	0	0
21184	2	2	0	3
20262	2	2	0	0
13823	2	5	0	0
20349	2	1	0	0
18500	2	1	0	1
15969	2	3	0	0
17049	2	0	5	0
21722	2	0	1	7
19298	2	2	0	2
10329	2	2	0	1
19604	2	1	0	1
22292	2	0	1	0
10724	2	3	0	0
14255	2	1	0	0
21103	2	3	0	0
21825	2	0	1	0
22346	2	3	0	0
13405	2	1	0	0
22105	2	5	0	0
22186	2	1	0	0
21439	2	2	0	1
14638	2	5	0	2
15321	2	1	0	3
18621	2	2	0	3
15981	2	1	2	1
19228	2	1	0	4
14390	2	0	1	5
44	1	8
92	1	8
276	1	8
80	1	8
379	2	6
3	7	9	12	11	9	13	4	
6	3	13	16	5	5	9	8	
9	13	3	6	18	14	12	7	
12	16	7	3	21	18	15	10	
10	5	18	21	3	10	14	13	
10	4	14	17	8	3	6	10	
14	10	12	13	15	9	3	12	
5	11	6	9	15	12	12	3	
1	0	0	0	0	
2	0	0	0	0	
0	1	1	0	0	
1	1	1	0	0	
0	1	2	0	0	
2	2	2	0	0	
0	0	0	0	1	
1	0	0	0	1	
0	1	1	0	1	
1	1	1	0	1	
1	1	1	1	1	
0	0	0	0	2	
2	0	0	0	2	
0	1	2	0	2	
1	1	2	0	2	
1	1	2	2	2	
2	2	2	2	2	
