81	6	8	17
20106	2	2	0	3
12265	2	1	0	0
22222	2	0	1	0
15086	2	3	0	6
18390	2	1	0	1
17049	2	0	5	0
19482	2	2	0	3
14696	2	1	1	0
14390	2	0	1	5
13864	2	2	0	0
18986	2	2	0	5
12931	2	3	0	0
22292	2	0	1	0
21404	2	2	0	2
16496	2	2	2	1
14776	2	1	0	0
20262	2	2	0	0
20349	2	1	0	0
15098	2	1	0	7
22369	2	3	0	1
21439	2	2	0	1
17573	2	0	1	0
15321	2	1	0	3
18521	2	1	0	2
13405	2	1	0	0
10797	2	1	0	0
21777	2	0	3	6
18717	2	1	0	0
14517	2	2	0	3
22166	2	1	0	2
20989	2	0	3	0
18132	2	5	0	1
14255	2	1	0	0
22178	2	1	0	0
16415	2	1	0	1
19895	2	2	0	0
14513	2	1	0	2
22105	2	5	0	0
21103	2	3	0	0
14481	2	0	1	1
19819	2	1	0	2
22329	2	1	0	3
19331	2	1	0	2
17121	2	1	0	7
17691	2	1	0	5
20031	2	1	0	3
21805	2	1	1	5
14327	2	2	0	0
19420	2	1	0	5
11661	2	3	0	3
21825	2	0	1	0
19294	2	1	0	0
22271	2	5	0	3
15981	2	1	2	1
12686	2	1	0	2
18244	2	1	0	0
21193	2	0	5	6
10724	2	3	0	0
21852	2	2	0	0
20066	2	1	0	0
13207	2	1	0	1
21167	2	1	0	0
21184	2	2	0	3
21300	2	1	0	0
21902	2	0	2	0
13943	2	1	0	0
20887	2	2	0	0
22362	2	1	0	0
22380	2	0	2	3
18621	2	2	0	3
16567	2	1	0	0
15607	2	1	0	0
21669	2	1	0	0
18185	2	2	0	0
18210	2	1	0	0
20729	2	1	0	0
22179	2	1	0	0
16998	2	1	0	0
10468	2	1	0	0
16650	2	1	0	4
44	1	8
92	1	8
276	1	8
80	1	8
31	1	8
379	2	6
3	7	9	12	11	9	13	4	
6	3	13	16	5	5	9	8	
9	13	3	6	18	14	12	7	
12	16	7	3	21	18	15	10	
10	5	18	21	3	10	14	13	
10	4	14	17	8	3	6	10	
14	10	12	13	15	9	3	12	
5	11	6	9	15	12	12	3	
1	0	0	0	0	
2	0	0	0	0	
0	1	1	0	0	
1	1	1	0	0	
0	1	2	0	0	
2	2	2	0	0	
0	0	0	0	1	
1	0	0	0	1	
0	1	1	0	1	
1	1	1	0	1	
1	1	1	1	1	
0	0	0	0	2	
2	0	0	0	2	
0	1	2	0	2	
1	1	2	0	2	
1	1	2	2	2	
2	2	2	2	2	
