81	6	8	17
21722	2	0	1	7
18296	2	1	0	2
10329	2	2	0	1
18821	2	3	0	1
22239	2	0	3	0
10724	2	3	0	0
14255	2	1	0	0
20989	2	0	3	0
21551	2	1	0	0
22292	2	0	1	0
13756	2	5	0	0
21767	2	2	3	0
21902	2	0	2	0
19604	2	1	0	1
22369	2	3	0	1
11661	2	3	0	3
15321	2	1	0	3
13207	2	1	0	1
13581	2	1	0	4
19228	2	1	0	4
14517	2	2	0	3
18231	2	4	0	2
14390	2	0	1	5
17308	2	1	0	0
13943	2	1	0	0
22346	2	3	0	0
10797	2	1	0	0
22189	2	1	0	5
21167	2	1	0	0
22248	2	2	0	4
19069	2	1	0	0
18986	2	2	0	5
21308	2	1	0	7
14481	2	0	1	1
13467	2	1	0	0
10090	2	1	0	0
20760	2	5	0	2
11944	2	1	0	0
18562	2	1	0	0
12691	2	1	0	1
22097	2	1	0	3
14327	2	2	0	0
19925	2	3	0	0
12338	2	1	0	3
15098	2	1	0	7
14696	2	1	1	0
19482	2	2	0	3
13020	2	1	0	0
18521	2	1	0	2
12506	2	2	0	4
14234	2	1	0	0
21669	2	1	0	0
17049	2	0	5	0
20349	2	1	0	0
21805	2	1	1	5
14986	2	2	0	0
17811	2	1	0	2
17121	2	1	0	7
12895	2	5	0	1
22286	2	0	5	0
20629	2	1	0	0
14312	2	1	0	0
15607	2	1	0	0
20914	2	2	0	4
12430	2	1	0	2
19404	2	0	3	7
15115	2	2	0	0
14513	2	1	0	2
19690	2	1	0	1
15981	2	1	2	1
15086	2	3	0	6
19298	2	2	0	2
21184	2	2	0	3
21781	2	0	3	6
18621	2	2	0	3
20955	2	1	0	0
22362	2	1	0	0
18390	2	1	0	1
19895	2	2	0	0
21000	2	1	0	7
44	1	8
92	1	8
276	1	8
80	1	8
31	1	8
379	2	6
3	7	9	12	11	9	13	4	
6	3	13	16	5	5	9	8	
9	13	3	6	18	14	12	7	
12	16	7	3	21	18	15	10	
10	5	18	21	3	10	14	13	
10	4	14	17	8	3	6	10	
14	10	12	13	15	9	3	12	
5	11	6	9	15	12	12	3	
1	0	0	0	0	
2	0	0	0	0	
0	1	1	0	0	
1	1	1	0	0	
0	1	2	0	0	
2	2	2	0	0	
0	0	0	0	1	
1	0	0	0	1	
0	1	1	0	1	
1	1	1	0	1	
1	1	1	1	1	
0	0	0	0	2	
2	0	0	0	2	
0	1	2	0	2	
1	1	2	0	2	
1	1	2	2	2	
2	2	2	2	2	
