51	5	8	17
13405	2	1	0	0
21902	2	0	2	0
15086	2	3	0	6
21805	2	1	1	5
22133	2	2	0	3
16650	2	1	0	4
13823	2	5	0	0
22380	2	0	2	3
17049	2	0	5	0
16773	2	1	0	1
14481	2	0	1	1
22248	2	2	0	4
18697	2	1	0	0
16415	2	1	0	1
11661	2	3	0	3
21308	2	1	0	7
14638	2	5	0	2
12430	2	1	0	2
14390	2	0	1	5
22186	2	1	0	0
20918	2	3	0	1
19482	2	2	0	3
21103	2	3	0	0
12265	2	1	0	0
18132	2	5	0	1
18244	2	1	0	0
11944	2	1	0	0
22222	2	0	1	0
20760	2	5	0	2
22271	2	5	0	3
14327	2	2	0	0
18231	2	4	0	2
15436	2	1	0	0
18500	2	1	0	1
19404	2	0	3	7
17811	2	1	0	2
22311	2	2	0	0
17121	2	1	0	7
19069	2	1	0	0
20989	2	0	3	0
20698	2	3	0	0
21000	2	1	0	7
19895	2	2	0	0
14696	2	1	1	0
22189	2	1	0	5
10847	2	2	0	0
18210	2	1	0	0
11323	2	1	0	0
21852	2	2	0	0
14234	2	1	0	0
44	1	8
92	1	8
276	1	8
80	1	8
379	2	6
3	7	9	12	11	9	13	4	
6	3	13	16	5	5	9	8	
9	13	3	6	18	14	12	7	
12	16	7	3	21	18	15	10	
10	5	18	21	3	10	14	13	
10	4	14	17	8	3	6	10	
14	10	12	13	15	9	3	12	
5	11	6	9	15	12	12	3	
1	0	0	0	0	
2	0	0	0	0	
0	1	1	0	0	
1	1	1	0	0	
0	1	2	0	0	
2	2	2	0	0	
0	0	0	0	1	
1	0	0	0	1	
0	1	1	0	1	
1	1	1	0	1	
1	1	1	1	1	
0	0	0	0	2	
2	0	0	0	2	
0	1	2	0	2	
1	1	2	0	2	
1	1	2	2	2	
2	2	2	2	2	
