51	5	8	17
12338	2	1	0	3
18231	2	4	0	2
22248	2	2	0	4
18185	2	2	0	0
13943	2	1	0	0
22346	2	3	0	0
10797	2	1	0	0
22189	2	1	0	5
21767	2	2	3	0
19228	2	1	0	4
19813	2	3	0	0
17326	2	0	1	5
21722	2	0	1	7
13207	2	1	0	1
13467	2	1	0	0
10468	2	1	0	0
19819	2	1	0	2
11323	2	1	0	0
18640	2	1	0	0
12691	2	1	0	1
22023	2	1	0	3
14312	2	1	0	0
20246	2	3	0	0
11661	2	3	0	3
17121	2	1	0	7
14327	2	2	0	0
17011	2	1	0	3
13020	2	1	0	0
18296	2	1	0	2
12506	2	2	0	4
13864	2	2	0	0
21852	2	2	0	0
17308	2	1	0	0
20729	2	1	0	0
19820	2	0	1	5
14776	2	1	0	0
17811	2	1	0	2
15098	2	1	0	7
12895	2	5	0	1
22292	2	0	1	0
20955	2	1	0	0
14255	2	1	0	0
15436	2	1	0	0
20914	2	2	0	4
22369	2	3	0	1
19404	2	0	3	7
14986	2	2	0	0
12686	2	1	0	2
19604	2	1	0	1
14481	2	0	1	1
44	1	8
92	1	8
276	1	8
80	1	8
379	2	6
3	7	9	12	11	9	13	4	
6	3	13	16	5	5	9	8	
9	13	3	6	18	14	12	7	
12	16	7	3	21	18	15	10	
10	5	18	21	3	10	14	13	
10	4	14	17	8	3	6	10	
14	10	12	13	15	9	3	12	
5	11	6	9	15	12	12	3	
1	0	0	0	0	
2	0	0	0	0	
0	1	1	0	0	
1	1	1	0	0	
0	1	2	0	0	
2	2	2	0	0	
0	0	0	0	1	
1	0	0	0	1	
0	1	1	0	1	
1	1	1	0	1	
1	1	1	1	1	
0	0	0	0	2	
2	0	0	0	2	
0	1	2	0	2	
1	1	2	0	2	
1	1	2	2	2	
2	2	2	2	2	
